30.65585
48.45543
2.442205
31.17343
16.25041
24.36501
5.698071
32.68752
32.16102
23.88671
0.9699819
16.37317
2.106362
33.04467
21.70451
28.58752
31.90467
25.99294
33.95903
15.73046
1.180797
28.79433
26.22013
4.179732
23.30588
8.124489
8.583154
7.457273
18.93892
2.376143
30.48078
21.9192
16.28406
11.98624
3.415274
25.6643
2.947278
13.14433
6.822882
14.80118
23.58633
2.456285
7.168461
24.45205
18.74977
21.98361
17.10824
27.26191
23.32836
27.97082
14.69234
23.32252
28.77018
8.22645
34.82896
33.68858
0.968152
3.536433
5.96515
27.50345
16.40391
8.583109
26.65952
19.32708
1.302548
2.682266
30.0063
23.05075
12.75012
1.732338
13.20626
23.8745
5.762147
0.9591841
31.24507
15.44147
21.16308
3.993987
9.382916
18.07903
1.533149
20.75428
1.593055
6.294209
3.102132
26.45764
11.91491
30.24198
12.15267
14.19475
28.74081
23.40852
10.59011
7.860514
25.3872
18.79365
3.045364
20.20966
14.52662
2.783134
15.86276
23.11793
3.99389
8.398162
17.19048
27.7264
14.08024
23.01123
23.88555
0.9791787
0.9623725
9.350128
20.3966
1.390917
0.9000775
1.686262
1.184935
2.641028
23.69324
32.01152
24.20861
24.13519
30.02342
7.391765
16.01202
3.948359
19.73038
28.86138
26.68464
0.9222851
0.9316025
18.24528
14.63669
5.42359
30.05894
34.76769
28.28998
18.14588
12.05019
3.0688
0.9654082
26.97098
32.86885
33.96336
20.0691
10.61146
7.623366
25.96384
1.033191
22.01733
23.69324
10.18706
16.64483
4.765062
34.21067
26.02134
0.9468355
0.9339541
0.9511034
18.24889
12.90398
5.42359
33.51056
31.13975
8.645894
14.75963
21.89367
26.2257
32.22303
5.028008
0.9449289
4.243879
0.9259171
0.9132814
10.003
0.8962641
0.897626
5.9445
12.78519
15.38079
18.0945
36.37419
30.49944
26.44189
11.36021
18.59512
2.952591
0.9367098
0.9654295
31.53926
28.72863
31.20271
18.35241
30.00649
0.9525484
0.9298881
10.75129
3.470094
27.92259
22.36261
12.32142
4.334657
0.9159719
9.167747
1.522266
27.80466
33.77724
15.53327
23.12327
3.828239
21.39341
9.48391
23.80214
31.75156
33.72986
20.60993
0.7984961
3.479979
4.490915
8.829716
22.31858
31.50164
31.40077
30.19563
27.49644
32.40378
27.1566
31.43056
2.545249
33.98587
3.944182
16.03969
27.51951
22.63791
15.56689
33.36054
21.72009
30.67735
25.72473
25.35772
21.85165
6.830672
28.57104
16.86446
9.041237
25.66991
15.75959
23.74108
1.362146
4.951803
33.27568
33.27568
38.94096
12.9591
22.13307
24.11356
2.899704
12.9157
19.71466
28.72863
26.75942
29.21802
30.16053
29.04213
35.19279
8.855186
22.51912
15.0716
29.64204
4.716935
36.46164
33.04008
26.39864
35.91581
10.30575
32.06811
40.88137
32.19388
24.52116
30.87295
33.56671
16.2742
22.27186
39.58827
22.49764
29.55297
1
35.85083
40.82589
31.60634
33.66747
37.07537
40.64194
28.93464
34.50301
33.68612
34.21107
19.94548
20.43564
26.35249
27.10783
31.17829
24.45066
30.48165
28.85361
26.40751
22.43937
3.116502
25.11523
14.34623
4.300214
35.18644
3.998118
3.647114
13.19548
20.74425
8.855186
22.51912
25.35583
29.64204
30.32655
36.22807
34.03573
35.79687
31.11359
31.26768
18.13488
34.49842
32.30731
29.57383
34.42099
33.45838
32.54151
25.80053
33.73796
34.5575
24.19169
29.02093
31.42648
30.57143
36.62694
30.19926
26.95545
32.32932
33.70525
32.14551
32.29976
27.59925
25.72473
19.81164
16.41626
24.80337
36.81256
30.54837
24.81327
16.83156
24.53908
5.009418
14.15655
27.09269
33.52347
1.212511
5.135831
10.16149
12.94395
26.16821
29.38485
0.9612326
20.22552
33.70104
3.930679
10.63284
7.109783
4.330218
1.24065
0.8963458
28.19428
30.6629
18.35584
20.82251
30.02184
13.92576
1.748364
25.11252
8.891876
18.85897
4.845619
4.746355
1.197038
2.073037
20.53093
10.46963
2.900662
1.492287
0.9374132
34.62601
10.13202
29.26303
13.25138
13.15428
5.63072
19.60837
7.419117
1.227949
2.626348
1.766237
30.16662
31.90101
34.55106
27.0882
14.13099
23.12219
6.678694
1.368756
1.207814
1.413622
1.78638
36.7606
1.755589
22.62522
7.896469
5.787317
1.813241
1.1881
1.16649
7.397491
19.30626
0.8712323
0.8773277
3.931514
22.53316
31.55885
20.94103
13.24369
29.64431
15.10045
7.54352
1.940535
25.03451
44.44319
43.85036
43.71946
39.85357
49.76429
43.28304
43.35335
8.847204
17.81905
4.949914
0.9822406
1.497346
26.36071
14.16633
19.65074
19.05485
15.83601
28.77506
14.0933
8.454368
4.177248
1.808138
34.05787
32.80386
8.105878
2.584708
1.103333
0.9785261
24.76985
35.46815
9.532184
26.72749
1.056276
31.17518
23.06514
2.342043
5.657484
16.30786
21.27538
1.252914
38.07962
8.304965
34.11178
39.66537
36.68102
22.95244
31.79282
13.58684
5.56561
32.83643
19.42615
18.06121
26.71682
10.49925
11.37589
38.23114
34.33702
30.21878
6.320137
12.82267
14.9562
16.79821
17.88724
20.53986
26.14011
39.40708
27.33141
34.44395
43.12589
44.11591
49.26757
24.40941
24.80095
33.42767
32.78109
41.14182
39.46049
41.43658
40.55112
42.15711
41.05471
43.34514
41.75905
40.84924
42.75209
39.40334
38.13232
40.56999
40.97725
42.74433
41.88756
36.00158
38.54342
37.30327
38.21363
37.19888
39.50557
38.09253
40.4762
39.29068
38.13922
36.94965
39.20068
36.65441
39.03875
37.86597
39.11325
41.7063
40.43542
32.88574
35.58504
26.62328
26.49114
31.59912
9.955894
28.2978
36.34815
30.25353
32.0757
33.43159
38.25519
33.4236
37.0103
35.74066
36.34815
30.25353
32.0757
33.4236
37.0103
35.74066
32.88574
33.43159
32.19388
29.21802
